claim=checked_interval_sign_summary
root_B_lower 3671.25784056276104006
root_exact_FMR_digits 0,1,2,3,4,8,9
A max_parity_upper C_interval V_interval
334 -23409.1820027396554504 [-68666.8934660055143127,-68666.4772787459482544] [-45257.3413332044787083,-45256.9251459449126713]
1334 -79591.9433407609573123 [-98711.0660673986319082,-98710.8147720250384083] [-19119.006186258010116,-19118.7548908844166888]
2334 -61176.5888718587784254 [-84811.20248223727517,-84809.8882394371505384] [23632.4181551123139613,23633.7323979124385467]
3334 -8424.30118897787522947 [-18980.487582507857276,-18979.4422257716493814] [-10555.7780355725921586,-10554.7326788363842782]
4334 -51209.6093015256527146 [-81795.7706182813045146,-81795.1822084098515688] [-30585.8050231246509973,-30585.2166132531981191]
8334 -20813.5090484991620574 [-28285.6190526857828029,-28283.7696374263699681] [-7471.93009668880995955,-7470.08068142939714251]
9334 -39062.4354075056407325 [-72100.1765978709733247,-72099.4545618991237674] [33036.7201121933478731,33037.4421481651973949]
uniform_all_reached_nodes_max_parity_upper -8424.30118897787522947
uniform_integer_gap_eta 8424
A1334_unique_literal_FMR_digit 5
